# grid fingerprint: 64x64, 300 steps per scene
# scene hash mat0..mat15
dry_fall     3d54ef6ad11afba3 3684 348 0 64 0 0 0 0 0 0 0 0 0 0 0 0
water_pool   33cdca4eb682d573 3377 18 618 83 0 0 0 0 0 0 0 0 0 0 0 0
lava_quench  f88bc3ee94f73398 2501 26 239 201 0 902 0 84 0 0 117 0 0 0 26 0
fire_gas     26ace081fe759a1f 3177 0 0 64 0 370 360 0 0 125 0 0 0 0 0 0
sealed_lava  52d99e4a7b8fbd8d 3996 0 0 61 0 39 0 0 0 0 0 0 0 0 0 0
wet_earth    d41dac3f5f6502b7 3167 0 181 64 0 0 0 0 0 0 0 0 0 0 684 0
gas_land     10affd1605b709a1 2813 0 0 64 0 733 360 0 0 126 0 0 0 0 0 0
water_diag   a461041f7911010f 3383 18 612 83 0 0 0 0 0 0 0 0 0 0 0 0
plant_bed    b2d1dfe74da2df1c 2453 273 13 0 0 0 191 0 0 0 0 0 0 0 832 334
acid_bath    4a22f0ebdd7218ea 2866 20 127 19 525 0 0 142 4 0 0 358 20 0 0 15
snow_thaw    d2bbde99c9392cd8 2871 1 311 240 0 11 0 122 256 0 13 0 10 116 101 44
snow_asleep  d2bbde99c9392cd8 2871 1 311 240 0 11 0 122 256 0 13 0 10 116 101 44
pool_asleep  33cdca4eb682d573 3377 18 618 83 0 0 0 0 0 0 0 0 0 0 0 0
snow_crust   1097df88c09e7883 3584 0 0 64 0 0 0 0 0 0 0 0 0 438 0 10
powder_keg   6a59ba0ad6450370 3634 0 6 110 0 0 0 0 0 160 0 0 0 0 0 186
